18457  18457 87785
1 1  2.9589308878679802e+01
2 1 -1.3011940368453518e+01
3 1 -1.1655004845712418e-01
14 1 -1.4366879710802186e-01
18 1 -1.6317149664661141e+01
1 2 -1.3011940368453518e+01
2 2  1.3201105888682456e+01
3 2 -1.8916552022893804e-01
1 3 -1.1655004845712418e-01
2 3 -1.8916552022893804e-01
3 3  4.4451808339343696e-01
15 3 -1.1123692985527095e-02
16 3 -1.2767882172184747e-01
4 4  1.3598361380502377e+01
5 4 -1.4796777946181724e+01
18227 4  1.1984165656793480e+00
4 5 -1.4796777946181724e+01
5 5  1.6394963433481966e+01
18227 5 -1.5981854873002446e+00
6 6  5.2030148611387595e+01
7 6 -2.5268260607747656e+01
8 6 -2.6761888003639932e+01
6 7 -2.5268260607747656e+01
7 7  4.9113407085308850e+01
8 7  1.2919939273135242e+01
17 7 -3.5340818022234600e+01
18227 7 -1.4242677284618368e+00
6 8 -2.6761888003639932e+01
7 8  1.2919939273135242e+01
8 8  2.1112072462689284e+01
10 8  2.3642665754284468e-02
12 8 -7.2937663979388834e+00
9 9  1.4146987337002731e+01
10 9 -1.7326201904728050e-01
11 9 -1.3973725317955445e+01
8 10  2.3642665754284468e-02
9 10 -1.7326201904728050e-01
10 10  8.3514154871095503e-01
11 10 -1.1160567972441887e-01
12 10 -5.7391651569353996e-01
9 11 -1.3973725317955445e+01
10 11 -1.1160567972441887e-01
11 11  2.3163636008283497e+01
13 11 -8.8939668277167598e+00
14 11 -1.8433818288686801e-01
8 12 -7.2937663979388834e+00
10 12 -5.7391651569353996e-01
12 12  2.1345605619212943e+01
17 12  1.1610791502380378e+01
19 12 -2.5088714207960905e+01
11 13 -8.8939668277167598e+00
13 13  9.1539825810501725e+00
14 13 -2.6001575333341415e-01
1 14 -1.4366879710802186e-01
11 14 -1.8433818288686801e-01
13 14 -2.6001575333341415e-01
14 14  6.8860914944680207e-01
18 14 -1.0058641611849810e-01
3 15 -1.1123692985527095e-02
15 15  2.8818813153196498e+01
16 15 -2.8807689460210963e+01
3 16 -1.2767882172184747e-01
15 16 -2.8807689460210963e+01
16 16  2.8935368281932810e+01
7 17 -3.5340818022234600e+01
12 17  1.1610791502380378e+01
17 17  4.4379625262032008e+01
19 17 -2.1909891915997832e+01
18227 17  1.2602931738200427e+00
1 18 -1.6317149664661141e+01
14 18 -1.0058641611849810e-01
18 18  1.6417736080779637e+01
12 19 -2.5088714207960905e+01
17 19 -2.1909891915997832e+01
19 19  4.6998606123958730e+01
20 20  4.2253583904740708e+00
21 20 -3.0960070961837149e-01
22 20 -1.7711306412728940e+00
23 20 -1.8249697945953296e+00
24 20 -3.1965724498747650e-01
20 21 -3.0960070961837149e-01
21 21  1.9684677686246084e+00
22 21 -1.6588670590062367e+00
20 22 -1.7711306412728940e+00
21 22 -1.6588670590062367e+00
22 22  6.7553596043992492e+00
27 22 -1.6423690233061625e+00
28 22 -1.6829928808139556e+00
20 23 -1.8249697945953296e+00
23 23  7.4497434581361883e+00
24 23 -1.5931139168789614e+00
25 23 -1.8998964908412472e+00
26 23 -2.1317632558206503e+00
20 24 -3.1965724498747650e-01
23 24 -1.5931139168789614e+00
24 24  1.9127711618664383e+00
23 25 -1.8998964908412472e+00
25 25  1.8874625226524702e+00
26 25  1.2433968188777232e-02
23 26 -2.1317632558206503e+00
25 26  1.2433968188777232e-02
26 26  2.1193292876318739e+00
22 27 -1.6423690233061625e+00
27 27  2.0140292099989479e+00
28 27 -3.7166018669278517e-01
22 28 -1.6829928808139556e+00
27 28 -3.7166018669278517e-01
28 28  4.2404499239096634e+00
60 28 -1.5165752920639652e+00
61 28 -6.6922156433895763e-01
29 29  6.8061705778353572e+00
30 29 -3.5821015875379641e-02
31 29 -1.8768176861581054e+00
34 29 -2.9231820887058451e+00
35 29 -1.9703497870960267e+00
29 30 -3.5821015875379641e-02
30 30  2.0920224718470082e+00
31 30 -2.0562014559716282e+00
29 31 -1.8768176861581054e+00
30 31 -2.0562014559716282e+00
31 31  6.4217316817336183e+00
32 31 -1.3279993601988072e+00
33 31 -1.1607131794050780e+00
31 32 -1.3279993601988072e+00
32 32  4.2023430928986807e+00
33 32 -9.8788976277953333e-01
59 32 -3.7508583295782144e-01
60 32 -1.5113681369625189e+00
31 33 -1.1607131794050780e+00
32 33 -9.8788976277953333e-01
33 33  2.1486029421846116e+00
29 34 -2.9231820887058451e+00
34 34  5.6976257700228459e+00
35 34  3.5959532926024590e-01
41 34 -6.7051364470005551e-02
42 34 -3.0669876461072403e+00
29 35 -1.9703497870960267e+00
34 35  3.5959532926024590e-01
35 35  4.6229427600919379e+00
67 35 -1.0535215410928560e+00
68 35 -1.9586667611633013e+00
36 36  5.0332379543020149e+00
37 36 -1.8344765090305646e+00
38 36 -1.8345484297243084e+00
46 36  1.8272392326577930e-01
47 36 -1.5469369388129215e+00
36 37 -1.8344765090305646e+00
37 37  4.9579232962075839e+00
38 37 -1.7295167287884189e-01
55 37 -2.6246078148936136e+00
56 37 -3.2588729940456485e-01
36 38 -1.8345484297243084e+00
37 38 -1.7295167287884189e-01
38 38  4.5272467070889082e+00
71 38 -2.9634199087037909e+00
78 38  4.4367330421803347e-01
39 39  5.4642970068810603e+00
40 39 -2.2070739611877457e+00
77 39 -7.1413498652124197e-01
79 39 -7.4066152410671882e-01
18297 39 -1.8024265350653532e+00
39 40 -2.2070739611877457e+00
40 40  4.7617808647153419e+00
58 40  5.0780712986241316e-01
78 40 -3.0570491812160587e+00
18297 40 -5.4648521739512398e-03
34 41 -6.7051364470005551e-02
41 41  4.2856705092627685e+00
42 41 -1.2106914689670671e+00
48 41 -1.8641235284608386e+00
49 41 -1.1438041473648577e+00
34 42 -3.0669876461072403e+00
41 42 -1.2106914689670671e+00
42 42  4.2776791150743074e+00
43 43  3.7145316887363156e+00
44 43 -2.8711709156007331e-01
45 43 -3.4274145971762420e+00
43 44 -2.8711709156007331e-01
44 44  2.7741162408151765e+00
45 44 -8.1192757042119512e-01
47 44 -9.0434506495030209e-01
50 44 -7.7072651388360625e-01
43 45 -3.4274145971762420e+00
44 45 -8.1192757042119512e-01
45 45  4.2393421675974379e+00
36 46  1.8272392326577930e-01
46 46  2.9565676226274498e+00
47 46 -3.1392915458932289e+00
36 47 -1.5469369388129215e+00
44 47 -9.0434506495030209e-01
46 47 -3.1392915458932289e+00
47 47  7.5624279602258042e+00
50 47 -1.9718544105693510e+00
41 48 -1.8641235284608386e+00
48 48  5.6323376442897768e+00
49 48 -6.2096166472265824e-01
62 48 -5.1450383342279249e-01
63 48 -2.6327486176834869e+00
41 49 -1.1438041473648577e+00
48 49 -6.2096166472265824e-01
49 49  3.9346456690483240e+00
66 49 -4.4786152382299593e-01
67 49 -1.7220183331378123e+00
44 50 -7.7072651388360625e-01
47 50 -1.9718544105693510e+00
50 50  4.9422701805636304e+00
51 50  1.4510968746153580e-01
52 50 -2.3447989435722092e+00
50 51  1.4510968746153580e-01
51 51  4.4546071756116445e+00
52 51 -1.9731209896146942e+00
69 51 -9.2885642264248158e-01
73 51 -1.6977394508160055e+00
50 52 -2.3447989435722092e+00
51 52 -1.9731209896146942e+00
52 52  4.3179199331869036e+00
53 53  8.2193569475204722e+00
54 53 -4.2783310355974633e+00
18296 53 -3.9410259119230084e+00
53 54 -4.2783310355974633e+00
54 54  5.8954141844529611e+00
57 54 -1.6170831488554394e+00
18296 54  1.5647225875685784e+00
18297 54 -1.5647225875686368e+00
37 55 -2.6246078148936136e+00
55 55  3.6904200007769359e+00
56 55 -1.0658121858833223e+00
37 56 -3.2588729940456485e-01
55 56 -1.0658121858833223e+00
56 56  5.3470335838472227e+00
57 56 -2.2246870092955136e+00
58 56 -1.7306470892638224e+00
54 57 -1.6170831488554394e+00
56 57 -2.2246870092955136e+00
57 57  4.3415679420290907e+00
58 57 -3.7886029120590192e-02
18297 57 -4.6191175475754798e-01
40 58  5.0780712986241316e-01
56 58 -1.7306470892638224e+00
57 58 -3.7886029120590192e-02
58 58  3.4387817630269160e+00
78 58 -2.1780557745049163e+00
32 59 -3.7508583295782144e-01
59 59  2.1949591392683239e+00
60 59 -1.8198733063105019e+00
28 60 -1.5165752920639652e+00
32 60 -1.5113681369625189e+00
59 60 -1.8198733063105019e+00
60 60  6.2134857826973882e+00
61 60 -1.3656690473604018e+00
28 61 -6.6922156433895763e-01
60 61 -1.3656690473604018e+00
61 61  2.0348906116993595e+00
48 62 -5.1450383342279249e-01
62 62  4.5188740238542442e+00
63 62 -8.4055562267761452e-01
80 62 -2.1233259300482068e+00
81 62 -1.0404886377056313e+00
48 63 -2.6327486176834869e+00
62 63 -8.4055562267761452e-01
63 63  6.8699470097165438e+00
69 63 -3.6723289106393769e-01
70 63 -3.0294098782915042e+00
64 64  5.3094017932243753e+00
65 64 -2.5220025939190022e-01
66 64 -2.1660006233914313e+00
76 64 -1.1087811084162280e+00
80 64 -1.7824198020248165e+00
64 65 -2.5220025939190022e-01
65 65  1.6804248976041070e+00
66 65 -1.4282246382122070e+00
49 66 -4.4786152382299593e-01
64 66 -2.1660006233914313e+00
65 66 -1.4282246382122070e+00
66 66  5.5300835677886191e+00
67 66 -1.4879967823619840e+00
35 67 -1.0535215410928560e+00
49 67 -1.7220183331378123e+00
66 67 -1.4879967823619840e+00
67 67  4.9064255403458441e+00
68 67 -6.4288888375319209e-01
35 68 -1.9586667611633013e+00
67 68 -6.4288888375319209e-01
68 68  2.6015556449164934e+00
51 69 -9.2885642264248158e-01
63 69 -3.6723289106393769e-01
69 69  3.0686972096675631e+00
70 69 -8.5010442611994308e-01
73 69 -9.2250346984120124e-01
63 70 -3.0294098782915042e+00
69 70 -8.5010442611994308e-01
70 70  3.8795143044114462e+00
38 71 -2.9634199087037909e+00
71 71  7.1889657787371508e+00
72 71  5.3721917105086225e-01
73 71 -2.6535091765387566e+00
78 71 -2.1092558645454673e+00
71 72  5.3721917105086225e-01
72 72  4.7322601154733892e+00
73 72 -2.5636921150346770e+00
79 72 -8.7240880028189083e-01
81 72 -1.8333783712076834e+00
51 73 -1.6977394508160055e+00
69 73 -9.2250346984120124e-01
71 73 -2.6535091765387566e+00
72 73 -2.5636921150346770e+00
73 73  7.8374442122306398e+00
74 74  4.5982563680206763e+00
75 74 -8.3622076242314991e-01
76 74 -4.8016977438198749e-01
77 74 -3.1344101197520438e+00
18296 74 -1.4745571146349548e-01
74 75 -8.3622076242314991e-01
75 75  3.5698108062312639e+00
76 75 -2.7335900438081144e+00
64 76 -1.1087811084162280e+00
74 76 -4.8016977438198749e-01
75 76 -2.7335900438081144e+00
76 76  5.0224876473408582e+00
80 76 -6.9994672073452802e-01
39 77 -7.1413498652124197e-01
74 77 -3.1344101197520438e+00
77 77  7.3124807367796425e+00
79 77 -2.3859472215581312e+00
18296 77 -1.0779884089482248e+00
38 78  4.4367330421803347e-01
40 78 -3.0570491812160587e+00
58 78 -2.1780557745049163e+00
71 78 -2.1092558645454673e+00
78 78  6.9006875160484098e+00
39 79 -7.4066152410671882e-01
72 79 -8.7240880028189083e-01
77 79 -2.3859472215581312e+00
79 79  4.8862065310990372e+00
81 79 -8.8718898515229605e-01
62 80 -2.1233259300482068e+00
64 80 -1.7824198020248165e+00
76 80 -6.9994672073452802e-01
80 80  5.1716875379463154e+00
81 80 -5.6599508513876440e-01
62 81 -1.0404886377056313e+00
72 81 -1.8333783712076834e+00
79 81 -8.8718898515229605e-01
80 81 -5.6599508513876440e-01
81 81  4.3270510792043755e+00
82 82  1.4256304082766098e+00
83 82 -1.2659021974156684e-01
140 82 -1.2990401885350433e+00
17832 82  4.8956378677423629e-01
17833 82 -4.8956378677423595e-01
82 83 -1.2659021974156684e-01
83 83  1.0510476456606259e+01
166 83 -9.3978233090324748e-01
17508 83 -3.0528024277428885e+00
17833 83 -6.3913014782185575e+00
84 84  4.6155696527917751e+00
85 84 -7.5966241376908428e-01
86 84 -7.0546284861352648e-01
137 84 -1.2334324833800245e+00
17480 84 -1.9170119070291398e+00
84 85 -7.5966241376908428e-01
85 85  8.0221049565370706e+00
86 85 -2.3643619276378325e+00
138 85 -5.0986191346929441e+00
169 85  2.0053851956278904e-01
84 86 -7.0546284861352648e-01
85 86 -2.3643619276378325e+00
86 86  5.8561410476511977e+00
187 86 -2.3426644156268400e-01
188 86 -2.5520498298371566e+00
87 87  5.2499096447965767e+00
88 87 -1.8815873338862812e+00
108 87  2.1970263015874229e-02
201 87 -1.8019398934124369e+00
17477 87 -1.5883526805137338e+00
87 88 -1.8815873338862812e+00
88 88  4.3289247541583240e+00
114 88 -4.0348357042537142e-01
134 88 -1.7523860693075566e+00
17477 88 -2.9146778053911482e-01
89 89  4.7592403827316581e+00
90 89 -1.2624026621932811e+00
91 89 -7.2197471502336463e-02
195 89 -1.6254171713436885e+00
204 89 -1.7992230776923512e+00
89 90 -1.2624026621932811e+00
90 90  6.8167339451565585e+00
91 90 -2.9288605785973338e+00
170 90 -5.4042661147039084e-01
206 90 -2.0850440928955534e+00
89 91 -7.2197471502336463e-02
90 91 -2.9288605785973338e+00
91 91  5.9833385298355140e+00
127 91 -2.8339935562033647e+00
196 91 -1.4828692353248055e-01
92 92  2.2898858427450763e+00
93 92 -1.7028844648788888e+00
94 92 -5.8700137786618789e-01
92 93 -1.7028844648788888e+00
93 93  6.0986092881025140e+00
94 93 -1.3102856119553683e+00
170 93 -1.3935927131805346e+00
171 93 -1.6918464980877210e+00
92 94 -5.8700137786618789e-01
93 94 -1.3102856119553683e+00
94 94  5.4930019430130574e+00
139 94 -1.6818643752185982e+00
17836 94 -1.9138505779729027e+00
95 95  6.8670320491972916e+00
120 95 -3.0627942480243910e+00
172 95 -7.0778565497388579e-01
17475 95 -1.0561027566989223e+00
17511 95 -2.0403493895000930e+00
96 96  4.7515524443457746e+00
131 96 -5.5932902075104962e-01
132 96 -1.1447882653488533e+00
17474 96 -1.8947800200290079e+00
17512 96 -1.1526551382168639e+00
97 97  6.8325779812960885e+00
98 97 -6.2146470427186018e-01
154 97 -4.5028719027834585e-01
157 97 -1.8409893181001289e+00
17476 97 -3.9198367686457547e+00
97 98 -6.2146470427186018e-01
98 98  2.9261266287821694e+00
159 98 -7.2793158952600379e-01
161 98 -1.2323445215547424e+00
17476 98 -3.4438581342956237e-01
99 99  6.2716998054800550e+00
100 99 -1.3475900327591193e+00
101 99 -7.4000585887602999e-01
117 99 -2.4087530366187528e+00
200 99 -1.7753508772261537e+00
99 100 -1.3475900327591193e+00
100 100  4.2726518853175506e+00
101 100 -1.4383892459394181e+00
209 100 -1.2195501518224895e-01
210 100 -1.3647175914367631e+00
99 101 -7.4000585887602999e-01
100 101 -1.4383892459394181e+00
101 101  2.1783951048154480e+00
102 102  1.0000000000000000e+00
103 103  1.3458012448219530e+00
104 103 -9.3527174083194420e-01
103 104 -9.3527174083194420e-01
104 104  6.6205468766614555e+00
180 104 -2.2969581797146166e+00
17831 104 -7.0140953196640021e-01
105 105  8.3243550019347481e+00
106 105 -2.9526072033086654e+00
107 105 -1.3992583381965005e+00
160 105 -4.2613516850691830e+00
17483 105  2.8886222463960104e-01
105 106 -2.9526072033086654e+00
106 106  2.9223994114100140e+00
107 106  3.0207791898651120e-02
105 107 -1.3992583381965005e+00
106 107  3.0207791898651120e-02
107 107  6.2668872728173799e+00
17479 107 -9.3151081575148154e-01
17484 107 -3.9663259107680497e+00
87 108  2.1970263015874229e-02
108 108  4.4278144902696681e+00
109 108 -2.4830493187713278e+00
110 108  3.0273536117406957e-01
201 108 -2.2694707956882847e+00
108 109 -2.4830493187713278e+00
109 109  6.6342651738919436e+00
110 109 -2.1793681665771323e+00
119 109 -2.0259745532035018e+00
17482 109  5.4126864660018863e-02
108 110  3.0273536117406957e-01
109 110 -2.1793681665771323e+00
110 110  5.7850478618955252e+00
114 110 -1.9707704407577993e+00
17483 110 -1.9376446157346645e+00
111 111  3.3401994775831283e+00
112 111 -2.4297189045806009e+00
113 111 -9.1048057300252772e-01
111 112 -2.4297189045806009e+00
112 112  6.0894952353414666e+00
113 112 -5.3523394381702349e-01
138 112 -2.3162320408210046e+00
17508 112 -8.0831034612283836e-01
111 113 -9.1048057300252772e-01
112 113 -5.3523394381702349e-01
113 113  4.5962966170960851e+00
140 113 -2.3512727175198456e+00
153 113 -7.9930938275668806e-01
88 114 -4.0348357042537142e-01
110 114 -1.9707704407577993e+00
114 114  3.9480836806784785e+00
134 114 -1.5274304861958341e+00
17483 114 -4.6399183299474081e-02
115 115  4.3128421726863024e+00
116 115 -9.8812782187856030e-01
117 115 -5.9401064549218929e-01
198 115 -5.6225760509869416e-01
17482 115 -2.1684461002168587e+00
115 116 -9.8812782187856030e-01
116 116  4.5336255228017972e+00
117 116 -2.1572331531569611e+00
121 116 -7.9987405732633376e-01
17481 116 -5.8839049043994152e-01
99 117 -2.4087530366187528e+00
115 117 -5.9401064549218929e-01
116 117 -2.1572331531569611e+00
117 117  5.0939416362878447e+00
200 117  6.6055198980058114e-02
118 118  8.5939836404256553e+00
119 118 -2.0109982773564923e+00
120 118 -3.6725940382287616e+00
176 118 -2.9570942058261687e+00
17481 118  4.6702880985768865e-02
109 119 -2.0259745532035018e+00
118 119 -2.0109982773564923e+00
119 119  5.5254635817596842e+00
120 119  5.9567613162963839e-01
17482 119 -2.0841668828293285e+00
95 120 -3.0627942480243910e+00
118 120 -3.6725940382287616e+00
119 120  5.9567613162963839e-01
120 120  6.6256316190684625e+00
172 120 -4.8591946444494794e-01
116 121 -7.9987405732633376e-01
121 121  5.0780430864510828e+00
137 121 -8.7548422839886486e-01
209 121 -8.6040154729386942e-01
17481 121 -2.5422832534320148e+00
122 122  5.6735983327741604e+00
123 122 -2.0982719320526044e+00
124 122 -6.8896690064836630e-01
156 122 -9.6921276957335745e-01
122 123 -2.0982719320526044e+00
123 123  7.5527147425194716e+00
124 123 -9.1644822836403939e-01
183 123 -3.1801352653795356e+00
17833 123 -1.3578593167232920e+00
122 124 -6.8896690064836630e-01
123 124 -9.1644822836403939e-01
124 124  4.5276656991763229e+00
130 124 -1.7106324489588010e+00
17834 124 -1.2116181212051167e+00
125 125  2.9851164469034526e+00
127 125 -1.6322301252175246e+00
126 126  1.0000000000000000e+00
91 127 -2.8339935562033647e+00
125 127 -1.6322301252175246e+00
127 127  6.2668027306568925e+00
196 127 -1.2003417648217998e+00
128 128  7.2556780369519362e+00
129 128 -1.9472073550385940e+00
130 128 -8.4918428324760664e-01
139 128 -2.1792796147028111e+00
17835 128 -2.2800067839629246e+00
128 129 -1.9472073550385940e+00
129 129  5.4238327358382570e+00
130 129 -8.3910353819936989e-01
162 129 -1.0784734703057290e+00
163 129 -1.5590483722945643e+00
124 130 -1.7106324489588010e+00
128 130 -8.4918428324760664e-01
129 130 -8.3910353819936989e-01
130 130  4.0584690256694032e+00
17834 130 -6.5954875526362489e-01
96 131 -5.5932902075104962e-01
131 131  3.9910229386642939e+00
132 131 -1.9715114258738728e+00
148 131 -1.3276848829284986e+00
186 131 -1.3249760911087391e-01
96 132 -1.1447882653488533e+00
131 132 -1.9715114258738728e+00
132 132  3.1162996912227259e+00
133 133  5.5862293414449047e+00
17479 133 -4.6514073237193587e+00
17485 133 -9.3482201772554463e-01
88 134 -1.7523860693075566e+00
114 134 -1.5274304861958341e+00
134 134  7.4835410477245210e+00
17478 134 -1.7071846511887552e+00
17484 134 -2.4965398410323765e+00
135 135  6.0100812613343102e+00
136 135 -1.6550902845377875e+00
154 135 -6.6501511204171315e-01
17475 135 -3.1110225700046863e+00
17512 135 -5.7895329475012336e-01
135 136 -1.6550902845377875e+00
136 136  3.0166483377730238e+00
17512 136 -1.3615580532352374e+00
84 137 -1.2334324833800245e+00
121 137 -8.7548422839886486e-01
137 137  4.4984087144506653e+00
209 137 -1.8703604008498620e+00
17480 137 -5.1913160182191354e-01
85 138 -5.0986191346929441e+00
112 138 -2.3162320408210046e+00
138 138  9.1212313542177981e+00
169 138 -1.0253954411390125e+00
17508 138 -6.8098473756483813e-01
94 139 -1.6818643752185982e+00
128 139 -2.1792796147028111e+00
139 139  3.8611439899214099e+00
17835 139  2.1724828124167675e-01
17836 139 -2.1724828124167742e-01
82 140 -1.2990401885350433e+00
113 140 -2.3512727175198456e+00
140 140  1.0050509928599222e+01
153 140 -6.7308376292763250e-01
17832 140 -5.7271132596167007e+00
141 141  3.7461329247117723e+00
142 141 -1.7722055625575741e+00
143 141  9.2646628467937725e-02
173 141 -1.3305888020703045e+00
17511 141 -7.3598518855183126e-01
141 142 -1.7722055625575741e+00
142 142  6.8027374325829211e+00
150 142 -1.9448585184112912e+00
17474 142 -2.0109213800201395e+00
17511 142 -1.0747519715939160e+00
141 143  9.2646628467937725e-02
143 143  5.7842199769611859e+00
144 143 -5.0557215087637997e-02
173 143 -3.3307489269797026e+00
17835 143 -2.4955604633617825e+00
143 144 -5.0557215087637997e-02
144 144  4.9702618868270756e+00
150 144 -1.9119628525560378e-01
186 144 -3.2070424127473940e+00
17835 144 -1.5214659737364402e+00
145 145  5.6646964193959111e+00
146 145 -1.5758482354581218e+00
147 145 -2.0516471647946264e+00
196 145 -1.8834888772151914e+00
145 146 -1.5758482354581218e+00
146 146  4.5805096333379147e+00
147 146 -2.1141734198265161e-01
168 146 -6.2056882495002330e-01
145 147 -2.0516471647946264e+00
146 147 -2.1141734198265161e-01
147 147  4.5056915237185269e+00
194 147 -2.0176842492553673e-01
195 147 -2.0408585920157116e+00
131 148 -1.3276848829284986e+00
148 148  5.8499341097369575e+00
149 148 -6.5090675241537732e-01
186 148 -2.6189089022827496e+00
17836 148 -1.2524335721103326e+00
148 149 -6.5090675241537732e-01
149 149  2.3241663844022544e+00
17836 149 -1.6732596319868769e+00
142 150 -1.9448585184112912e+00
144 150 -1.9119628525560378e-01
150 150  3.1552056612248589e+00
186 150 -9.9664140897925302e-01
17474 150 -2.2509448578711396e-02
151 151  1.0000000000000000e+00
152 152  4.2843132516030886e+00
192 152 -9.3558755467148891e-01
193 152 -7.8074961024401679e-01
17527 152  1.8894225105791296e-01
113 153 -7.9930938275668806e-01
140 153 -6.7308376292763250e-01
153 153  3.4089039970081956e+00
182 153 -1.9138282595234846e+00
17831 153 -2.2682591800391234e-02
97 154 -4.5028719027834585e-01
135 154 -6.6501511204171315e-01
154 154  3.0106735751997711e+00
157 154 -1.3839560965360600e+00
17475 154 -5.1141517634365274e-01
155 155  1.0000000000000000e+00
122 156 -9.6921276957335745e-01
156 156  3.9089417126941939e+00
163 156 -1.3438498375133339e+00
191 156 -8.5381045213608431e-01
97 157 -1.8409893181001289e+00
154 157 -1.3839560965360600e+00
157 157  3.2249454146361893e+00
158 158  2.5051812449250934e+00
159 158 -1.1001322613749409e+00
164 158 -4.9544318046905905e-01
165 158 -8.7622541935872411e-01
17477 158 -3.3380383722369462e-02
98 159 -7.2793158952600379e-01
158 159 -1.1001322613749409e+00
159 159  6.9074283013574256e+00
161 159 -1.5829083852224632e+00
17477 159 -3.4964560652340180e+00
105 160 -4.2613516850691830e+00
160 160  8.9695131890895574e+00
198 160 -1.1387221334459920e+00
199 160 -2.2526470719850948e+00
17483 160 -1.3167922985892899e+00
98 161 -1.2323445215547424e+00
159 161 -1.5829083852224632e+00
161 161  2.8152529067772054e+00
129 162 -1.0784734703057290e+00
162 162  4.1471687728548012e+00
163 162 -8.7908568342740279e-01
171 162 -1.4774399776301046e+00
207 162 -7.1216964149156492e-01
129 163 -1.5590483722945643e+00
156 163 -1.3438498375133339e+00
162 163 -8.7908568342740279e-01
163 163  5.0800038720577785e+00
191 163 -1.2980199788224780e+00
158 164 -4.9544318046905905e-01
164 164  1.1092628773697996e+01
165 164 -2.5996659046308896e+00
17478 164 -7.5326861098067397e+00
17485 164 -4.6483357879130799e-01
158 165 -8.7622541935872411e-01
164 165 -2.5996659046308896e+00
165 165  3.4758913239896132e+00
83 166 -9.3978233090324748e-01
166 166  2.4625366984132153e+00
189 166 -1.5227543675099664e+00
17508 166 -2.8328270707826453e-01
17509 166  2.8328270707826336e-01
167 167  4.4393526127533782e+00
168 167 -2.3863548562752186e+00
194 167 -3.8633460663791164e-01
205 167 -1.0661004561017531e+00
17527 167 -6.0056269373849525e-01
146 168 -6.2056882495002330e-01
167 168 -2.3863548562752186e+00
168 168  4.8156142167239144e+00
17527 168 -8.5936228781662549e-01
85 169  2.0053851956278904e-01
138 169 -1.0253954411390125e+00
169 169  2.2931340373763631e+00
181 169  4.6665004511174901e-01
17509 169 -1.9349271609118890e+00
90 170 -5.4042661147039084e-01
93 170 -1.3935927131805346e+00
170 170  3.5606301312879345e+00
171 170 -5.3225973224405398e-01
206 170 -1.0943510743929552e+00
93 171 -1.6918464980877210e+00
162 171 -1.4774399776301046e+00
170 171 -5.3225973224405398e-01
171 171  5.0478191120735882e+00
207 171 -1.3462729041117092e+00
95 172 -7.0778565497388579e-01
120 172 -4.8591946444494794e-01
172 172  4.5889229295857756e+00
201 172 -1.5512771180539164e+00
17476 172 -1.8439406921130252e+00
141 173 -1.3305888020703045e+00
143 173 -3.3307489269797026e+00
173 173  8.2617721760490603e+00
190 173 -2.1387367950732346e+00
17510 173 -1.4616976519258187e+00
174 174  1.0000000000000000e+00
175 175  3.1777450427403040e+00
176 175 -1.0846498183208233e+00
181 175 -7.1244347379418238e-01
17480 175 -9.8057679293157085e-01
17510 175 -4.0007495769372770e-01
118 176 -2.9570942058261687e+00
175 176 -1.0846498183208233e+00
176 176  7.8654134914367209e+00
17481 176 -1.4218379444164033e+00
17510 176 -2.4018315228733251e+00
177 177  5.2552324272295490e+00
178 177 -2.7839521154632330e+00
179 177  1.4451412282910767e-01
202 177 -5.0560149453214836e-03
212 177 -2.6107384196501031e+00
177 178 -2.7839521154632330e+00
178 178  6.9001542332062549e+00
179 178 -1.6679006706162280e+00
204 178  1.4548152142112691e-01
207 178 -2.5937829685479206e+00
177 179  1.4451412282910767e-01
178 179 -1.6679006706162280e+00
179 179  4.2530573493146138e+00
192 179 -6.7712282919834910e-01
205 179 -2.0525479723291444e+00
104 180 -2.2969581797146166e+00
180 180  4.5766601293847406e+00
184 180 -1.9187201451534415e+00
17831 180 -7.9673071081753966e-01
169 181  4.6665004511174901e-01
175 181 -7.1244347379418238e-01
181 181  5.5350391890217754e+00
17480 181 -1.9500029197563380e+00
17509 181 -3.3392428405830046e+00
153 182 -1.9138282595234846e+00
182 182  3.9569820131460340e+00
17831 182 -2.0431537536225495e+00
123 183 -3.1801352653795356e+00
183 183  7.1958326080080361e+00
184 183 -4.0156973426285001e+00
17832 183 -7.0113855973019792e-02
17833 183  7.0113855973019362e-02
180 184 -1.9187201451534415e+00
183 184 -4.0156973426285001e+00
184 184  1.0105579412014913e+01
17832 184 -9.1008707797375632e-01
185 185  1.0000000000000000e+00
131 186 -1.3249760911087391e-01
144 186 -3.2070424127473940e+00
148 186 -2.6189089022827496e+00
150 186 -9.9664140897925302e-01
186 186  6.9550903331202703e+00
86 187 -2.3426644156268400e-01
187 187  4.0665322934853068e+00
188 187 -1.2210172989314545e+00
210 187 -1.0165428677842172e+00
211 187 -1.5947056852069508e+00
86 188 -2.5520498298371566e+00
187 188 -1.2210172989314545e+00
188 188  3.7730671287686115e+00
166 189 -1.5227543675099664e+00
189 189  7.9130198650831591e+00
190 189 -8.2042595454311917e-01
17509 189 -3.5752087933176639e+00
17834 189 -1.9946307497124109e+00
173 190 -2.1387367950732346e+00
189 190 -8.2042595454311917e-01
190 190  4.0414706281031716e+00
17510 190 -2.4269666936511575e-01
17834 190 -8.3961120912170129e-01
156 191 -8.5381045213608431e-01
163 191 -1.2980199788224780e+00
191 191  5.6343673723526413e+00
212 191 -1.3730951825322373e+00
152 192 -9.3558755467148891e-01
179 192 -6.7712282919834910e-01
192 192  4.4738852551967465e+00
193 192 -1.9049522717187330e+00
205 192 -9.5622259960817613e-01
152 193 -7.8074961024401679e-01
192 193 -1.9049522717187330e+00
193 193  4.4421233735633745e+00
202 193 -1.2341743193128500e+00
147 194 -2.0176842492553673e-01
167 194 -3.8633460663791164e-01
194 194  4.6585328092821356e+00
195 194 -1.6000071118768846e+00
205 194 -2.4704226658418031e+00
89 195 -1.6254171713436885e+00
147 195 -2.0408585920157116e+00
194 195 -1.6000071118768846e+00
195 195  5.5803339393571783e+00
204 195 -3.1405106412089429e-01
91 196 -1.4828692353248055e-01
127 196 -1.2003417648217998e+00
145 196 -1.8834888772151914e+00
196 196  5.0534817095685529e+00
197 197  1.0000000000000000e+00
115 198 -5.6225760509869416e-01
160 198 -1.1387221334459920e+00
198 198  3.1424079551341730e+00
199 198 -4.2309192345982716e-01
17482 198 -1.0183362931296593e+00
160 199 -2.2526470719850948e+00
198 199 -4.2309192345982716e-01
199 199  5.3031047202323860e+00
200 199 -2.1982151221828037e+00
208 199 -4.2915060260466104e-01
99 200 -1.7753508772261537e+00
117 200  6.6055198980058114e-02
199 200 -2.1982151221828037e+00
200 200  5.0708945756008283e+00
208 200 -1.1633837751719285e+00
87 201 -1.8019398934124369e+00
108 201 -2.2694707956882847e+00
172 201 -1.5512771180539164e+00
201 201  5.9583178200110236e+00
17476 201 -3.3563001285638600e-01
177 202 -5.0560149453214836e-03
193 202 -1.2341743193128500e+00
202 202  4.6737496002963956e+00
212 202 -1.5241259079093306e+00
203 203  1.0000000000000000e+00
89 204 -1.7992230776923512e+00
178 204  1.4548152142112691e-01
195 204 -3.1405106412089429e-01
204 204  3.7557046022428819e+00
207 204 -1.7879119818507636e+00
167 205 -1.0661004561017531e+00
179 205 -2.0525479723291444e+00
192 205 -9.5622259960817613e-01
194 205 -2.4704226658418031e+00
205 205  6.5452936938808772e+00
90 206 -2.0850440928955534e+00
170 206 -1.0943510743929552e+00
206 206  3.1793951672885084e+00
162 207 -7.1216964149156492e-01
171 207 -1.3462729041117092e+00
178 207 -2.5937829685479206e+00
204 207 -1.7879119818507636e+00
207 207  6.4401374960019577e+00
199 208 -4.2915060260466104e-01
200 208 -1.1633837751719285e+00
208 208  1.5925343777765897e+00
100 209 -1.2195501518224895e-01
121 209 -8.6040154729386942e-01
137 209 -1.8703604008498620e+00
209 209  5.4313383950715579e+00
210 209 -2.5786214317455776e+00
100 210 -1.3647175914367631e+00
187 210 -1.0165428677842172e+00
209 210 -2.5786214317455776e+00
210 210  5.8709071194010178e+00
211 210 -9.1102522843445977e-01
187 211 -1.5947056852069508e+00
210 211 -9.1102522843445977e-01
211 211  2.5057309136414108e+00
177 212 -2.6107384196501031e+00
191 212 -1.3730951825322373e+00
202 212 -1.5241259079093306e+00
212 212  5.8248364597537536e+00
213 213  1.0000000000000000e+00
214 214  2.1810483092552206e+00
215 214 -2.4961836464068687e+00
216 214  3.1513533715164715e-01
214 215 -2.4961836464068687e+00
215 215  8.1205425938177136e+00
216 215 -2.1946490844292144e+00
220 215 -4.9769337199207830e-01
226 215 -2.9320164909895530e+00
214 216  3.1513533715164715e-01
215 216 -2.1946490844292144e+00
216 216  4.3741271421581400e+00
261 216 -1.7948483956384962e+00
262 216 -6.9976499924207691e-01
217 217  4.8182934764610579e+00
218 217 -1.8089489589621839e+00
219 217 -7.0969960818332836e-03
224 217 -2.0760875743876013e+00
17790 217 -9.2615994702943927e-01
217 218 -1.8089489589621839e+00
218 218  7.1180241999095095e+00
219 218 -2.1955181724624198e+00
236 218 -2.4052851465180591e+00
247 218 -7.0827192196684574e-01
217 219 -7.0969960818332836e-03
218 219 -2.1955181724624198e+00
219 219  2.2026151685442530e+00
215 220 -4.9769337199207830e-01
220 220  2.7827793298185508e+00
221 220 -1.1608384692581009e+00
222 220 -3.8343997791374940e-01
226 220 -7.4080751065462203e-01
220 221 -1.1608384692581009e+00
221 221  6.4392595706074811e+00
222 221 -2.3019735394847802e+00
239 221 -1.0313915001201359e+00
260 221 -1.9450560617444648e+00
220 222 -3.8343997791374940e-01
221 222 -2.3019735394847802e+00
222 222  5.6843934583636502e+00
264 222 -2.2811423669390614e+00
17792 222 -7.1783757402605952e-01
223 223  4.3268149474679074e+00
224 223 -1.3583762733726101e+00
225 223 -1.7010835391690962e+00
234 223 -5.8106048310920488e-01
235 223 -6.8629465181699745e-01
217 224 -2.0760875743876013e+00
223 224 -1.3583762733726101e+00
224 224  4.6785016512416968e+00
225 224 -5.5215253177801404e-01
17790 224 -6.9188527170347169e-01
223 225 -1.7010835391690962e+00
224 225 -5.5215253177801404e-01
225 225  9.7018508964982484e+00
243 225  1.4142550064291794e-03
257 225 -7.4500290805575657e+00
215 226 -2.9320164909895530e+00
220 226 -7.4080751065462203e-01
226 226  7.6674219417477998e+00
227 226 -2.7350896828160725e+00
228 226 -1.2595082572875527e+00
226 227 -2.7350896828160725e+00
227 227  7.1100446414785976e+00
228 227 -1.3897067199127480e-01
240 227 -2.5469218864851930e+00
241 227 -1.6890624001860588e+00
226 228 -1.2595082572875527e+00
227 228 -1.3897067199127480e-01
228 228  3.6824151406011785e+00
229 228 -1.2512012697528134e+00
230 228 -1.0327349415695370e+00
228 229 -1.2512012697528134e+00
229 229  4.7973473291074029e+00
230 229 -1.1856026084994358e+00
239 229 -1.5644016168787767e+00
17788 229 -7.9614183397637617e-01
228 230 -1.0327349415695370e+00
229 230 -1.1856026084994358e+00
230 230  5.9442643231924723e+00
259 230 -2.1838045401053612e+00
17789 230 -1.5421222330181379e+00
231 231  1.1593739408266789e+01
232 231  4.9485670890526667e-01
233 231 -8.8200097339710819e+00
254 231 -2.6880066466736885e+00
255 231 -5.8057973652728601e-01
231 232  4.9485670890526667e-01
232 232  9.6865557888398535e-01
233 232 -1.0047432118401469e+00
249 232 -2.2334213263018907e-01
250 232 -2.3542694331891570e-01
231 233 -8.8200097339710819e+00
232 233 -1.0047432118401469e+00
233 233  9.8247529458112304e+00
223 234 -5.8106048310920488e-01
234 234  7.6766503883812884e+00
235 234 -2.8415249986497675e+00
247 234 -8.0468871555175892e-01
17789 234 -3.4493761910705567e+00
223 235 -6.8629465181699745e-01
234 235 -2.8415249986497675e+00
235 235  5.0887437944148175e+00
246 235  4.0295229227550894e-01
253 235 -1.9638764362235610e+00
218 236 -2.4052851465180591e+00
236 236  4.9280876779864871e+00
237 236 -1.5532119963229982e+00
238 236 -2.3204051891437796e-01
247 236 -7.3755001623105176e-01
236 237 -1.5532119963229982e+00
237 237  5.6302994165716029e+00
238 237 -2.0386986442112556e+00
259 237 -6.8418415818173772e-01
265 237 -1.3542046178556117e+00
236 238 -2.3204051891437796e-01
237 238 -2.0386986442112556e+00
238 238  2.2707391631256342e+00
221 239 -1.0313915001201359e+00
229 239 -1.5644016168787767e+00
239 239  4.4325792722653583e+00
260 239 -6.6988773335235274e-01
17788 239 -1.1668984219140923e+00
227 240 -2.5469218864851930e+00
240 240  2.4756491965408367e+00
241 240  7.1272689944355996e-02
227 241 -1.6890624001860588e+00
240 241  7.1272689944355996e-02
241 241  3.7849448244377246e+00
265 241 -8.9064917991964687e-01
266 241 -1.2765059342763752e+00
242 242  1.0033178561036449e+01
243 242 -2.2986025757368655e+00
17790 242 -7.7345759852995837e+00
225 243  1.4142550064291794e-03
242 243 -2.2986025757368655e+00
243 243  1.4623002762989656e+00
257 243 -5.3842712166667495e-01
17790 243  1.3733151660981460e+00
244 244  3.0293687674483887e+00
245 244  5.8343247416847466e-01
246 244 -1.5826066614286254e+00
257 244 -6.7857871202025977e-01
258 244 -1.3516158681679777e+00
244 245  5.8343247416847466e-01
245 245  4.3439807665730426e+00
246 245 -4.9274132407415170e+00
235 246  4.0295229227550894e-01
244 246 -1.5826066614286254e+00
245 246 -4.9274132407415170e+00
246 246  9.1766264544412763e+00
253 246 -3.0695588445466431e+00
218 247 -7.0827192196684574e-01
234 247 -8.0468871555175892e-01
236 247 -7.3755001623105176e-01
247 247  2.5383120696252588e+00
17789 247 -2.8780141587560265e-01
248 248  4.4410614588911299e+00
249 248 -1.0841102346040767e+00
251 248 -1.5520163916391800e+00
252 248 -6.2305615197175623e-01
17787 248 -1.1818786806761168e+00
232 249 -2.2334213263018907e-01
248 249 -1.0841102346040767e+00
249 249  1.1111614227325941e+01
250 249 -8.6043708073263154e+00
17787 249 -1.1997910527653586e+00
232 250 -2.3542694331891570e-01
249 250 -8.6043708073263154e+00
250 250  8.8397977506452321e+00
248 251 -1.5520163916391800e+00
251 251  5.9307955734803883e+00
252 251 -1.3944393018694314e+00
253 251 -2.1921716155081108e+00
17788 251 -7.9216826446366639e-01
248 252 -6.2305615197175623e-01
251 252 -1.3944393018694314e+00
252 252  2.0174954538411876e+00
235 253 -1.9638764362235610e+00
246 253 -3.0695588445466431e+00
251 253 -2.1921716155081108e+00
253 253  7.9840430352471206e+00
17788 253 -7.5843613896880724e-01
231 254 -2.6880066466736885e+00
254 254  5.3339138246691515e+00
255 254 -7.4631584523143579e-01
260 254 -1.4298627663208281e+00
17787 254 -4.6972856644320032e-01
231 255 -5.8057973652728601e-01
254 255 -7.4631584523143579e-01
255 255  2.7968430965418509e+00
256 255 -1.0807145643625691e+00
17792 255 -3.8923295042056077e-01
255 256 -1.0807145643625691e+00
256 256  3.5157336691628989e+00
17792 256 -2.4350191048003293e+00
225 257 -7.4500290805575657e+00
243 257 -5.3842712166667495e-01
244 257 -6.7857871202025977e-01
257 257  1.0185521011644383e+01
258 257 -1.5184860973998815e+00
244 258 -1.3516158681679777e+00
257 258 -1.5184860973998815e+00
258 258  2.8701019655678599e+00
230 259 -2.1838045401053612e+00
237 259 -6.8418415818173772e-01
259 259  4.5454892817479937e+00
265 259 -1.5077961033034659e+00
17789 259 -1.6970448015742920e-01
221 260 -1.9450560617444648e+00
239 260 -6.6988773335235274e-01
254 260 -1.4298627663208281e+00
260 260  5.7969479589690014e+00
17787 260 -1.7521413975513569e+00
216 261 -1.7948483956384962e+00
261 261  2.8948296269658260e+00
262 261 -1.0999812313273303e+00
216 262 -6.9976499924207691e-01
261 262 -1.0999812313273303e+00
262 262  3.5375491029032315e+00
263 262 -9.0607227667843696e-02
264 262 -1.6471956446659803e+00
262 263 -9.0607227667843696e-02
263 263  2.3064812088397177e+00
264 263 -2.2158739811718742e+00
222 264 -2.2811423669390614e+00
262 264 -1.6471956446659803e+00
263 264 -2.2158739811718742e+00
264 264  6.9319832829537029e+00
17792 264 -7.8777129017678826e-01
237 265 -1.3542046178556117e+00
241 265 -8.9064917991964687e-01
259 265 -1.5077961033034659e+00
265 265  5.0737740872154138e+00
266 265 -1.3211241861366898e+00
241 266 -1.2765059342763752e+00
265 266 -1.3211241861366898e+00
266 266  2.5976301204130641e+00
267 267  1.6818225317861369e+01
268 267 -1.2184608701936611e+01
17571 267 -4.6336166159247592e+00
267 268 -1.2184608701936611e+01
268 268  1.0298864163136320e+01
288 268 -9.0808702461504565e-01
327 268 -3.2533257836378393e-01
17571 268  3.1191641417791174e+00
269 269  1.0000000000000000e+00
270 270  8.1329355958309346e+00
294 270  6.4339701743764788e-01
17548 270  4.2618357583821025e+00
17549 270 -4.2618357583820892e+00
271 271  2.0518799872665641e+00
272 271  2.2008663525791912e+00
273 271 -2.9725949846888278e+00
300 271  2.4726476120516097e+00
17548 271 -3.7527989672085367e+00
271 272  2.2008663525791912e+00
272 272  1.9036359763801933e+01
273 272 -1.3660610534597328e+01
291 272  3.2283112057913910e-01
17549 272 -7.8994467023629333e+00
271 273 -2.9725949846888278e+00
272 273 -1.3660610534597328e+01
273 273  1.6633205519286154e+01
274 274  4.3112943875697374e+00
275 274 -1.0310321719627822e+00
276 274 -6.2532323785135635e-01
287 274 -1.0584209131158209e+00
318 274 -1.5965180646397779e+00
274 275 -1.0310321719627822e+00
275 275  4.6947423589862023e+00
276 275 -2.0256954540184196e+00
282 275  2.7450932706253423e-01
283 275 -1.9125240600675353e+00
274 276 -6.2532323785135635e-01
275 276 -2.0256954540184196e+00
276 276  4.6620261840626380e+00
299 276 -6.1479430748170960e-01
321 276 -1.3962131847111516e+00
277 277  1.0729700793912423e+01
278 277 -9.9032518095963944e+00
298 277 -1.2135400324640613e+00
299 277  1.3619221598028708e-01
17571 277  2.5089883216774717e-01
277 278 -9.9032518095963944e+00
278 278  1.2949920598247402e+01
287 278 -1.8634083975555451e+00
288 278 -5.1143308340635218e-01
17571 278 -6.7182730768911103e-01
279 279  6.3530105663979537e+00
280 279 -1.3220811411591848e+00
281 279 -1.7997246735128487e+00
284 279 -4.2624444934526773e-01
279 280 -1.3220811411591848e+00
280 280  4.9223867811733895e+00
281 280 -5.1912836546498931e-01
325 280 -1.9696081111936039e+00
326 280 -1.1115691633556108e+00
279 281 -1.7997246735128487e+00
280 281 -5.1912836546498931e-01
281 281  2.3188530389778377e+00
275 282  2.7450932706253423e-01
282 282  4.9883989009339533e+00
283 282 -2.7624938906494134e+00
334 282 -8.0120365179307415e-02
335 282 -2.4202939721677668e+00
275 283 -1.9125240600675353e+00
282 283 -2.7624938906494134e+00
283 283  6.3555950594155153e+00
329 283 -2.3201906775511519e-01
279 284 -4.2624444934526773e-01
284 284  2.9944239249748730e+00
285 284 -1.5771759228061397e+00
286 284 -1.2309159553308466e-01
284 285 -1.5771759228061397e+00
285 285  3.8155665632054179e+00
286 285 -2.2383906403992784e+00
284 286 -1.2309159553308466e-01
285 286 -2.2383906403992784e+00
286 286  6.4798147019462364e+00
290 286 -1.8982250123839312e-01
274 287 -1.0584209131158209e+00
278 287 -1.8634083975555451e+00
287 287  5.0750149560346633e+00
288 287 -1.2830293398609218e+00
318 287 -8.7015630550237477e-01
268 288 -9.0808702461504565e-01
278 288 -5.1143308340635218e-01
287 288 -1.2830293398609218e+00
288 288  5.7060445260831134e+00
327 288 -3.0034950782007934e+00
289 289  1.0000000000000000e+00
286 290 -1.8982250123839312e-01
290 290  2.8712645449742427e+00
317 290 -3.1945100579436164e-01
319 290 -1.5717973274525969e+00
272 291  3.2283112057913910e-01
291 291  9.2566848752958808e-01
292 291  2.7050208721723878e-01
293 291 -6.5447489438500106e-01
17549 291 -8.6452680094096512e-01
291 292  2.7050208721723878e-01
292 292  1.3355805491691818e+01
293 292 -1.0878470420269704e+01
296 292 -2.0445740417619485e+00
297 292 -7.0326311687740550e-01
291 293 -6.5447489438500106e-01
292 293 -1.0878470420269704e+01
293 293  1.1532945314654706e+01
270 294  6.4339701743764788e-01
294 294  1.8969774865110640e+00
296 294  5.0899803366154550e-01
17549 294 -1.8632490138529809e+00
295 295  1.0000000000000000e+00
