%%dcoo_read_dcsr: HAZMATH is reading file m1024...

n=1024,m=1024,nnz=13272
%%n=1024,nnz=13272,shift=  0

p=[626  72 169 212 277 373 920 116 243 638 649 785  15 349 424 545 700 782 870 364   9 634 690  30  88 175 187 361 384 393 400 422 627 657 786 831 868 933 159 433 484 683 729 256  54 107 262 267 300 344 497 523 968 866 966 1019 817 309 608 942 556 934 731  23  83 365 536 708 717 765 801 609 411 512 479 745 527 922 297 305 476 840 918 995 1017 818 615  99 892  82 276 311 378 410 437 496 650 652 1022 554 977 135 905 1021 593 705 386 236 257 509   8 644 733 323 184 980 802 877 637 852 594  37 768 819 893 956 460 288 145 897 302 947 1005  26 748 752  22  76 390 162 882  12 221 586 304 1018  51  63   7 591 524 948 292 565 949 229 957 178 741 110 568 155 880 875 602 115 914 1014 448 889 1008 231 959 761 582 697 695 682 805 739 486 659 191 505 759 835 284 873 919  46 809 526 1023 119 461 876 443  13 244 685 466 419 137 963 104  78 636 355 860 176 1001 895 620 994 449 769 975 133 604  74 483 833 894 447 109 106 915 358  48 601 791 269 174 764 258 360 972 296 557 613 438 973 849 141 475 646 326 529 671 417 1003 912 341 414 923 621 925 614  96 356 340 319 320 306   2 158 753  53 668 291 369 612 130 991 331 183 902 856  28 670 834 499 172 951  45 780 641 380  25 140  41 534 1024  18 669 1013 503 491 718 617 825 676 274 645 263 715 122 781 946 993 859 202 480 259 990  86 421 883 699 351 154 161 282 663 425 339  65 879 864 540 563 738 784 793 619 403 391 220 235 986 146 869 605 945  98 941 712 622  27 190 376 203 219 431 151 692 192 722 996 205 404  19 867 440 710 338 806 1004 398 804 348 727 628 1000 938 453  52 495 310 353 513  71 195 560 439  92   5 100 732 762 359 691   1 233 429 874 800 992 446 734 412 689 255 776 368 452 238 888 413 382 347 590 861 117 396 760 716 113 525 675 950 307  20 603 515  38 871 489 434 101 147 754 363 656 121 182 583 811 392 664 327 881 822 588 427 961 855 979 131  11 701 170 844 962 581 570 531  17 387 640 209  91 260 865  49  16 639 797 587 409 611 350 301 589 542 815 193 354 1020 451 251 929 672 510  87 470 796 953 366 275 982 816 921 898  34 812 978 397 814 324 884 837 293 142 490 747 633 777  62  35 567 157 955 736 148 535 481 463 225 631 163 907 642 198 407 792 751 426 901 186 678 196 232 239 720 322 194 711 887 518 241 944 114  90 533 964 445 965  64 770 566 362 648 124 266 206 458 1007  93  31 794 680  33 997 541 436 173  68 325 954 127 896 485 940 428 103 767 616  32 228 773 749 758 857 673 105  80 482 930 789 204  42 519  73  84 471 530 423 665 329 725 352 757 128 900   4 272 487 207 217 248 985 374 270 237 132 775 830 890 408 399 787 298 312  44 473 337 841 714 579 807 264  69 164 294 974 1012 112 681  89 983 799 432 511 1002 981 976 1010 469 904 253 223 508 295 674 756 336 774 246 723 457 823 388  56 763 909 213 308 596 290 737 693 795 1015 632  47 926 181  29 655 913 550 222 247 916 709 273 283 494 321 504 862 703 838 197 679 810 842  77 839 401 917 538 630 788  36  66 271 278 623 102  14 937 548 686  43 836 597 507  57 343 111 600 286 872 454 886 521 210 224 303 750 333 578 160 826  85 863 598 824 189  24  60 576  95 125   3 201 843 418 216 553 908 208 551 702 552 153 845 755 318 719 385 367 143 969 808  58 618 906 522 281 698 585 335 168 462 927 249 539  79 903 707 285 885 713  67 891 520 464 313 252 858 134 798 569 370 543 846 123 334 395 405 658 988 516 442 532 465 967 651 240 790 546 477 571 287 625 778 728 517 971 828 694 330 468 177 478 783 514 607 661 371 406 242 372 1011 688 167 1006 829 265 215 118 742 987 314  59 575 910 911 854 456 555 878 726 345 848 735 279 472 577 537 357 574 150 493 389 430 459 706 234 214 467 245 501 820 984 316 346 500  70 932 379 564 584 299 559 744 813 696 595 402 375 415 211 847 342 624 200 108 129 989 547 572 803 643 899 943 653 771 924 315 592 684 227 746 730  55 528 317 254 928 610 416 970 998 704 381 573 853 139 383 328 677 939 474  94 687 218 506 766  10 654 136 498 740 120 199 958 832  61 936  40 455 779 377 635 149 821  81 743 261 488 558 502 444 332 289 721  39  97 662 180 166  75 450 544   6 827 931 268 647 667 724 138 394 999 126 152 441 188 660 772 850  50 629 165 492 960 171 549 156 935 580 561  21 144 230 435 1016 185 562 851 666 606 420 250 226 1009 952 179 280 599 ];

