%1)  beta1 = - e^y + 2x,  beta2 = 3y*cos(pi*x)
%    f = 70*log((x + 0.1)*(sin(pi*y) + 1))
%
% ================================================
% Fine Level:  8   Coarse Level:  2
% ================================================
a8=[
    0.5    0.2468E+00    0.3234E+01
      1    0.3117E-01    0.2486E+00
    1.5    0.7650E-02    0.1698E+00
      2    0.9685E-03    0.1438E-01
    2.5    0.9264E-03    0.1394E-01
      3    0.1460E-03    0.1534E-02
    3.5    0.5249E-04    0.1272E-02
      4    0.6923E-05    0.1226E-03
    4.5    0.7185E-05    0.1179E-03
      5    0.1078E-05    0.1304E-04
    5.5    0.4576E-06    0.1131E-04
      6    0.5827E-07    0.1107E-05

% ================================================
% Fine Level:  8   Coarse Level:  3
% ================================================

    0.5    0.7492E-01    0.1858E+01
      1    0.9771E-02    0.8451E-01
    1.5    0.1047E-02    0.5223E-01
      2    0.8498E-04    0.2384E-02
    2.5    0.8135E-04    0.2338E-02
      3    0.1246E-04    0.1510E-03
    3.5    0.2294E-05    0.1173E-03
      4    0.1800E-06    0.6302E-05
    4.5    0.1978E-06    0.6105E-05
      5    0.2722E-07    0.4004E-06
    5.5    0.6541E-08    0.3302E-06
      6    0.4976E-09    0.1874E-07

% ================================================
% Fine Level:  8   Coarse Level:  4
% ================================================

    0.5    0.2004E-01    0.9737E+00
      1    0.2592E-02    0.2320E-01
    1.5    0.1315E-03    0.1386E-01
      2    0.5837E-05    0.3171E-03
    2.5    0.5707E-05    0.3150E-03
      3    0.8271E-06    0.1061E-04
    3.5    0.7608E-07    0.7967E-05
      4    0.3098E-08    0.2129E-06
    4.5    0.3637E-08    0.2105E-06
      5    0.4584E-09    0.7263E-08
    5.5    0.5597E-10    0.5754E-08
      6    0.2247E-11    0.1635E-09

% ================================================
% Fine Level:  8   Coarse Level:  5
% ================================================

    0.5    0.5082E-02    0.4918E+00
      1    0.6512E-03    0.5872E-02
    1.5    0.1583E-04    0.3432E-02
      2    0.3581E-06    0.3800E-04
    2.5    0.3509E-06    0.3793E-04
      3    0.4956E-07    0.6357E-06
    3.5    0.2153E-08    0.4621E-06
      4    0.4401E-10    0.5894E-08
    4.5    0.5275E-10    0.5873E-08
      5    0.6441E-11    0.1011E-09
    5.5    0.3633E-12    0.7685E-10
      6    0.7845E-14    0.1037E-11

% ================================================
% Fine Level:  8   Coarse Level:  6
% ================================================

    0.5    0.1229E-02    0.2412E+00
      1    0.1557E-03    0.1372E-02
    1.5    0.1644E-05    0.7537E-03
      2    0.1775E-07    0.3539E-05
    2.5    0.1665E-07    0.3537E-05
      3    0.2371E-08    0.2773E-07
    3.5    0.3885E-10    0.1793E-07
      4    0.3726E-12    0.9478E-10
    4.5    0.4481E-12    0.9466E-10
      5    0.5449E-13    0.7701E-12
    5.5    0.2711E-14    0.5170E-12
      6    0.2035E-14    0.4007E-13

% ================================================
% Fine Level:  8   Coarse Level:  7
% ================================================

    0.5    0.2551E-03    0.1080E+00
      1    0.3118E-04    0.2301E-03
    1.5    0.9111E-08    0.7191E-05
      2    0.3392E-09    0.8119E-08
    2.5    0.1433E-10    0.6552E-08
      3    0.1683E-12    0.1694E-10
    3.5    0.1704E-13    0.1230E-10
      4    0.1583E-14    0.4826E-13
    4.5    0.1853E-14    0.4943E-13
      5    0.1679E-14    0.3836E-13
    5.5    0.2473E-14    0.4218E-13
      6    0.1505E-14    0.3781E-13
];
% ================================================
% Fine Level:  9   Coarse Level:  2
% ================================================
a9=[
   0.5    0.2469E+00    0.3234E+01
     1    0.3118E-01    0.2487E+00
   1.5    0.7655E-02    0.1698E+00
     2    0.9693E-03    0.1440E-01
   2.5    0.9272E-03    0.1395E-01
     3    0.1462E-03    0.1536E-02
   3.5    0.5257E-04    0.1274E-02
     4    0.6936E-05    0.1228E-03
   4.5    0.7198E-05    0.1181E-03
     5    0.1080E-05    0.1306E-04
   5.5    0.4587E-06    0.1134E-04
     6    0.5843E-07    0.1110E-05

% ================================================
% Fine Level:  9   Coarse Level:  3
% ================================================

   0.5    0.7497E-01    0.1858E+01
     1    0.9779E-02    0.8461E-01
   1.5    0.1049E-02    0.5233E-01
     2    0.8528E-04    0.2393E-02
   2.5    0.8166E-04    0.2346E-02
     3    0.1250E-04    0.1517E-03
   3.5    0.2309E-05    0.1180E-03
     4    0.1813E-06    0.6348E-05
   4.5    0.1993E-06    0.6150E-05
     5    0.2742E-07    0.4039E-06
   5.5    0.6607E-08    0.3333E-06
     6    0.5032E-09    0.1895E-07

% ================================================
% Fine Level:  9   Coarse Level:  4
% ================================================

   0.5    0.2009E-01    0.9752E+00
     1    0.2600E-02    0.2331E-01
   1.5    0.1329E-03    0.1396E-01
     2    0.5919E-05    0.3219E-03
   2.5    0.5797E-05    0.3198E-03
     3    0.8394E-06    0.1082E-04
   3.5    0.7820E-07    0.8156E-05
     4    0.3198E-08    0.2198E-06
   4.5    0.3753E-08    0.2173E-06
     5    0.4726E-09    0.7529E-08
   5.5    0.5843E-10    0.5988E-08
     6    0.2356E-11    0.1714E-09

% ================================================
% Fine Level:  9   Coarse Level:  5
% ================================================

   0.5    0.5135E-02    0.4948E+00
     1    0.6591E-03    0.5979E-02
   1.5    0.1651E-04    0.3536E-02
     2    0.3792E-06    0.4049E-04
   2.5    0.3744E-06    0.4041E-04
     3    0.5266E-07    0.6897E-06
   3.5    0.2422E-08    0.5108E-06
     4    0.5040E-10    0.6761E-08
   4.5    0.6023E-10    0.6738E-08
     5    0.7319E-11    0.1180E-09
   5.5    0.4386E-12    0.9141E-10
     6    0.9314E-14    0.1276E-11

% ================================================
% Fine Level:  9   Coarse Level:  6
% ================================================

   0.5    0.1281E-02    0.2472E+00
     1    0.1635E-03    0.1481E-02
   1.5    0.1981E-05    0.8631E-03
     2    0.2270E-07    0.4774E-05
   2.5    0.2229E-07    0.4772E-05
     3    0.3112E-08    0.4011E-07
   3.5    0.6724E-10    0.2899E-07
     4    0.6957E-12    0.1834E-09
   4.5    0.8330E-12    0.1832E-09
     5    0.9735E-13    0.1581E-11
   5.5    0.6338E-14    0.1190E-11
     6    0.5077E-14    0.8308E-13

% ================================================
% Fine Level:  9   Coarse Level:  7
% ================================================

   0.5    0.3080E-03    0.1208E+00
     1    0.3898E-04    0.3439E-03
   1.5    0.2055E-06    0.1887E-03
     2    0.1115E-08    0.4422E-06
   2.5    0.1045E-08    0.4422E-06
     3    0.1484E-09    0.1734E-08
   3.5    0.1204E-11    0.1116E-08
     4    0.6917E-14    0.2927E-11
   4.5    0.8316E-14    0.2926E-11
     5    0.2386E-14    0.7966E-13
   5.5    0.3410E-14    0.8539E-13
     6    0.2910E-14    0.7862E-13
];
% ================================================
% Fine Level: 10   Coarse Level:  2
% ================================================
